image: sala_2022.pgm
resolution: 0.050000
origin: [-21.800000, -17.000000, 0.000000]
negate: 0
occupied_thresh: 0.65
free_thresh: 0.196

